function testcase = dynamic_testcase_pepsicola()
% dynamic_testcase_pepsicola: sets the prices, advertising expenditure, season, 
% real income, sugar prices, labor wages and bond prices from 1968 to 1986
% for estimation under better response dynamics

%% Filename
testcase.filename = 'observed_pepsicola_data';


% Variables for dynamic case
testcase.bound = 100; % think about
% the bound on the price the firms can set
testcase.eta_avg = 9.275;


% fix eta and beta
% testcase.eta = [1 1 1;
%                 1 1 1];
% testcase.beta = [1 1 1;
%                 1 1 1];

%compare with M2
% use all data once and once only data upto 1976
% M2 parameters for eta_i1, eta_i2, eta_i3
% testcase.model = 'M2';
% testcase.eta = [0 14 0.02;
%                 0.1 8.17 0.01];
% testcase.beta = [82.88 11.18 0.22;
%                  6.18 5.84 1.52]; 
testcase.P1_M2 = [-6.04 0.22 2.27 0.05];
testcase.P2_M2 = [-6.57 1.81 2.9 -0.35];

% compare with M10
% use all data once and once only data upto 1976 
% M10 parameters for eta_i1, eta_i2, eta_i3
testcase.model = 'M10';
testcase.eta = [0.3 8.36 0.004;
                0.22 6.71 0];
testcase.beta = [26.17 9.58 0.99;
                 17.48 11.64 1.92]; 
testcase.P1_M10 = [-3.98 2.25 2.6 -0.62];
testcase.P2_M10 = [-5.48 1.4 2.83 -4.81];

testcase.M1 = [-6.01 0 2.27 -0.2 83.15 11.61 0.33;
               -6.57 1.8 2.9 -0.34 6.25 5.86 1.52];
testcase.M2 = [-6.04 0.22 2.27 0.05 82.88 11.18 0.22;
               -6.57 1.81 2.9 -0.35 6.18 5.84 1.52];
testcase.M10 = [-3.98 2.25 2.6 -0.62 26.17 9.58 0.99;
                -5.48 1.4 2.83 -4.81 17.48 11.64 1.92];
testcase.golan = [-1.079 2.137 0.741 -0.232 4.549 7.73 0.737;
                  -1.596 0.582 0.808 -0.211 -20.021 5.592 2.056];
testcase.etaM2 = [0 14 0.02;
                0.1 8.17 0.01];
testcase.etaM10 = [0.3 8.36 0.004;
                0.22 6.71 0];

testcase.pco =[11.826
11.848
11.758
11.678
12.464
12.325
12.229
12.343
12.210
12.508
12.637
12.773
12.878
12.747
12.587
12.433
12.741
12.653
12.549
12.646
12.804
12.938
12.906
12.833
12.868
13.423
14.169
14.442
14.672
14.390
14.060
14.753
14.895
15.584
16.775
17.790
10.886
12.962
13.385
12.897
14.255
14.000
13.629
13.370
14.045
13.672
13.703
13.774
14.134
13.989
14.021
13.790
13.236
12.996
12.610
12.466
11.720
11.614
11.362
11.403
11.988
11.819
11.648
11.679
11.825
11.728
11.606
11.586
12.679
12.561
12.385
12.312
12.500
12.673
12.421
12.295
];

testcase.ppe = [6.9858
6.9985
6.9457
6.8985
7.1372
7.0580
7.0029
7.0679
7.0584
7.2305
7.3053
7.3834
6.8840
6.8136
6.7282
6.6458
7.0468
6.9980
6.9406
6.9943
7.6755
7.7558
7.7371
7.6928
7.6074
7.9356
8.3766
8.5381
8.6090
8.4437
8.2503
8.6568
7.5040
7.8510
8.4511
8.9627
7.4455
8.8656
9.1545
8.8210
9.2613
9.0958
8.8543
8.6865
9.2251
8.9800
9.0004
9.0474
9.1839
9.0895
9.1104
8.9605
9.5214
9.3484
9.0707
8.9675
9.1339
9.0512
8.8554
8.8874
9.1551
9.0264
8.8955
8.9196
8.0850
8.0182
7.9347
7.9213
8.0187
7.9443
7.8332
7.7866
8.6925
8.8129
8.6375
8.5501];

testcase.adco = [6.6265
6.6845
6.2863
7.1733
2.3930
4.5929
3.0478
3.1657
6.4074
7.4546
6.1384
6.2010
5.4804
6.6879
6.5183
5.9046
5.4173
6.3394
6.0111
5.9215
5.8956
6.9848
7.1859
6.7021
5.2977
6.4921
7.0031
5.5054
3.6900
5.8651
6.6103
5.7726
4.0185
6.5410
7.2263
5.4087
5.4052
6.4052
5.6680
5.5702
6.4863
7.7777
6.6351
5.5591
5.9370
7.3832
8.3681
5.6063
6.2826
6.7478
6.3483
5.0364
5.0111
6.3728
6.5175
4.8116
6.7315
6.3414
5.8842
4.3418
4.6330
6.2248
5.6866
5.4691
4.1376
5.9569
7.3823
6.8963
6.5378
8.4833
5.5055
4.0812
4.0484
5.2537
5.7246
3.3636
];

testcase.adpe =[
    4.5876
6.3069
5.5213
6.0722
2.8710
3.7156
2.6566
4.6438
5.3030
6.5088
5.4804
5.8950
3.7808
6.7014
6.3929
5.1809
4.8231
5.8157
6.3602
4.9285
5.1984
5.4446
5.2322
4.1131
5.0321
6.1929
4.9492
3.5715
4.1865
5.4357
5.3500
3.8310
3.9823
5.6151
6.0705
6.0169
4.5667
6.2395
6.3371
5.8386
4.8390
6.7306
6.0646
4.9971
4.6824
6.8658
6.5928
6.8600
6.9480
7.1284
5.8010
5.8562
3.5127
5.4624
5.3771
5.5948
4.4912
5.6325
5.2395
3.2969
3.7945
5.7142
4.4930
3.0302
4.6221
6.4524
5.4219
3.7221
4.9327
7.1139
5.7646
4.4156
5.4467
6.0596
6.1834
5.5196
];

testcase.dum = [
    0.00000
1.0000
1.0000
0.00000
0.00000
1.0000
1.0000
0.00000
0.00000
1.0000
1.0000
0.00000
0.00000
1.0000
1.0000
0.00000
0.00000
1.0000
1.0000
0.00000
0.00000
1.0000
1.0000
0.00000
0.00000
1.0000
1.0000
0.00000
0.00000
1.0000
1.0000
0.00000
0.00000
1.0000
1.0000
0.00000
0.00000
1.0000
1.0000
0.00000
0.00000
1.0000
1.0000
0.00000
0.00000
1.0000
1.0000
0.00000
0.00000
1.0000
1.0000
0.00000
0.00000
1.0000
1.0000
0.00000
0.00000
1.0000
1.0000
0.00000
0.00000
1.0000
1.0000
0.00000
0.00000
1.0000
1.0000
0.00000
0.00000
1.0000
1.0000
0.00000
0.00000
1.0000
1.0000
0.00000
];

testcase.inc = [15.305
15.547
15.551
15.651
15.664
15.847
16.175
16.306
16.380
16.662
16.862
16.821
17.081
17.319
17.342
17.396
17.509
17.676
18.015
18.694
18.932
19.076
19.222
19.421
19.072
18.883
18.986
18.924
18.731
19.657
19.350
19.531
19.831
19.928
20.059
20.222
20.269
20.496
20.869
21.028
21.282
21.627
21.764
22.020
22.166
22.066
22.137
22.137
22.256
21.857
22.072
22.388
22.429
22.350
22.629
22.537
22.457
22.609
22.634
22.761
22.884
23.111
23.354
23.927
24.469
24.603
24.819
24.931
24.957
25.508
25.247
25.407
25.812
26.258
26.055
25.954
];

testcase.sug =[0.98926
0.99324
0.99523
0.98775
0.98695
0.98350
0.95393
0.95365
0.96664
0.96111
0.95246
0.93676
0.96653
0.95861
0.96803
0.96903
1.0162
0.97354
1.0087
0.99527
0.99689
1.0418
1.0804
1.1097
1.5311
2.1355
2.7972
4.2198
3.1013
1.8677
1.6839
1.2429
1.2861
1.2648
0.97324
0.84005
0.86716
0.85778
0.79269
0.77874
0.96764
0.98190
0.96109
0.98217
0.94058
0.93414
0.96608
1.0167
1.2812
1.5992
1.7644
2.0176
1.3960
0.94387
0.88797
0.79943
0.85230
0.92412
1.0635
1.0072
1.0529
1.0845
1.0622
1.0343
1.0225
1.0174
0.99904
0.97242
0.93415
0.93898
0.91409
0.83063
0.87962
0.89035
0.89176
0.89722
];

testcase.lab = [0.66016
0.65894
0.65649
0.65316
0.64772
0.64895
0.64770
0.65062
0.64969
0.64391
0.63837
0.63491
0.62594
0.62003
0.60902
0.60065
0.60307
0.59984
0.59062
0.57683
0.56954
0.55589
0.54464
0.55233
0.56436
0.56534
0.56371
0.56680
0.57771
0.56426
0.54389
0.54199
0.55296
0.55437
0.55439
0.55293
0.54890
0.54676
0.55046
0.55693
0.56552
0.55377
0.54775
0.54383
0.54589
0.53340
0.52555
0.52285
0.51374
0.52245
0.52083
0.51327
0.50742
0.50112
0.49440
0.50196
0.50106
0.50783
0.49932
0.50579
0.50512
0.49916
0.48852
0.49159
0.49151
0.48821
0.48259
0.48415
0.48645
0.48163
0.48084
0.48147
0.48213
0.48300
0.48161
0.48156
];

testcase.raaa = [1.7112
1.8864
0.95638
1.1881
2.0986
0.00512
1.0665
1.9348
1.6932
1.6673
0.75976
5.1617
4.1459
3.0500
3.5229
4.9851
3.9330
4.0030
3.6305
3.5923
1.4244
-1.6846
-1.5314
-2.2194
-3.6165
-3.4417
-3.9803
-2.9616
1.2425
2.3498
0.10984
2.2712
4.6325
3.4105
1.9256
3.6880
0.70522
-0.86028
2.0652
3.6666
1.3613
-2.1404
-0.88404
0.69267
-1.2004
-5.0520
-4.4435
-1.7452
-4.4401
-3.9671
3.8516
1.8261
2.2849
4.3738
2.9691
8.7070
11.692
8.2923
5.8728
11.054
12.115
6.4259
7.4039
8.9039
7.8564
8.8348
8.5258
9.3451
9.6953
6.7544
8.0076
6.9429
8.5893
9.9771
5.8572
6.3452
];

